9199199111191111111119999111191111119111111911111119111111999111911111119111119191111911191111111111
1191111911919199991191191911911111111911119111111119119119999111191111191111111119111911119911111111
1111111199911991119911111191191911119111199911111119191999911911199911199191191191111191119111111111
1111119119111191119111111119119111191111119911111999911199111191919111911991991911111911119111111111
1111111111911911111911111111991991999991191191119119111119111119111919111119119919919111111991111111
1111111199999111119111111119991199991199911119191191911111911199119991911111119191199111119111111119
1111111199919911191111111999111119919911111111911911111199111111911911111111191111111919191919111199
1191111919111999991111111191111111111999111111191191111119911199111991111111911111111199911191911911
1919119111111199199911191991111111119111111191119119919199191191119111111199111111111119111911199119
9111991111111119111191999991111111111991111111191911919999119991111911111911111111111119111911191111
9111919111111191111119999199111111111991191199911199991191119119919991111199111111119191119111191111
1111911111111119111111911111911199199119999911111111911911199111191999911191111111111119191111119111
9911911111111191111119111111199999911919191911119119111199911119911191199199111111119191999191191111
9111991111111119191191111111111119119191111191191999991191911111911911191911991111111911191111119111
1119119111119199919919111111111191191119111191191119119911991111191911191991119111199911191111111911
9191111919919999111119111111111119911111111119919119111919111111999111911119111919999111119911111911
9911111191199911111111911111111111991191111111911111111911991111991911911991191919991111111199111991
9999911119199111111111911111111119199911111119111111119191191111191191199111919999911911111199119999
1911191191919911111111911111119191199991111191911111991119119191911119191119111919111111111119991191
1191991911111991111111919119111911111999111911191199111111999919111119911199111911911111111111911911
1111119991199119111111191191119111119199191911119911111111199911111199991919911199911111111999119191
1111111999991111111111119199199911191119919191111911111111191111111111919119191991991111111911111119
1111111199919111111111119919199191911111111119111911111111119111111119919111119911191111111191911199
1111111999111991191119991111991119991111111111919111111111119199911111191111119111119111111999199119
1111111191111119919199119911111111911111111191199911111119191911191919991111111911111911119191191999
1111111119111111111911919111111119191911119919999991911111911111119199911111119111111919191191191919
1111111199111111119111991111111991199911191111991999911919911111111119191111191111111199911911111111
1111111911911111191111119111111991919991919111111199999199911111111199119111119199111199111911111111
1111119111191111911111111911119119119199119911119911199119111111111111911911111991119911919111111111
9119191111119199111119111999191111111199991111111191911991111111111119919191919919919911191111111111
9911991111199911111111919119999111111119119911111911111199111111111111191119191911991111911111111111
9111991119999111111119191191991111111191911191199111111991111111111191911191111119191119111111111111
1919199199999911111119111111911111111191111191911111111919111111111199111911111111119119911111119111
1191191991919199111191111111999111119911111119111111111911911111111191111911111111111911991911111199
1111111191119119111911111199999111191111111119911111111919191919911911111991111119199919119919119999
1111111991111111919991911919911111119111111119991111111991119191919919119999111111119191111999191119
1111199911111119919919199911191111111919111119999111111919111111191191191199111119191111119111911199
1111119111111111199111191111191911111191111111191911119119111111111119191191111991919911111911111111
9111199991111111991111119911119191111991111119911919191911911111919191911119111911111911119191111111
1919999991111119991111111191111119111919111191119111911191191119191991111111919111119111191111111119
1199991991111199111111111911111111919119919999111919111119919191191119111111199111111911119919111111
1199191119191919111111119111111199991191191991911991111119119911111111911111111911191191119191111119
1919111111991919111111191111111911911911111111919911111111111911111119911111119991919199119119911191
9911111111199991911111119111119111199111111111199111111111111191911111991111111919111911991199111191
1111111111199911191111199191191111119911111111119911111111111199191111119119919111111191111911919191
9111111111119911119191911919999111111991111111191191111119111991119111119199991111111119119111191911
9911111911111191111919999111911111111191191191991119911991999911111911119991911111119199991111111191
9111119199991911111111911111911111111999191919119119119111199111191911199911191911119919111111111191
1911191191119111111119111111191111119199919111111911991111991111111911999111119111111911911111111911
1191919111111911111191991111119111991191111111119111911111191111111199991111111911119119191111111191
1119911111191191119911119111111911991119911111111919991111119111111911911111111191991111191111111119
1191111111111919191111111991111199111111191111111999911111111911119111191111111119191111191111111191
1911111111111111919111111119111199111111119111111119911111119919191111191111111111191111119111111191
1191111111111919119111111111911991111111191111111191111111111999119111191191111111191111199111111191
1911111111191999919111111999111999111111199111111119911111119111991911119911111111191111991911111911
1991111111191999199911111199919191111191999919111991991111191119111919119111111111911119111191999191
9119191111119911199111111911191119191919191191919111119111911111911191111919111119111111911119199119
1111991111199111191119199111919919999911191111991111119919111199111191119999911191111119111191111911
9111119111991111119119911119119191991191191119111111111191999919111191199919191919191999911111111191
1111111919919911111991111191111111191119919119991111119911111911911199199911119111999911191111111119
1111119199111991119191111911111111119199119191919911119911199119991119991111111111991191119111111191
1111191111111199191191111911111111999991111911911911991191911111119191199911111119919911191911111991
1119919111111119911999119111111111119991111119119191991119199111119911919911111119111111111191999919
9191911911111119199191991111111111199911111119111119111111191111191199111999111191911111111119111911
9991111911111191119111119111111111119191111191111111911111191911191119111199119911111111111111911111
1911111191911911111911111911111111191119111999111119111111119199911191111111991911111111111119111111
1191111119191911111991119991111111119119919191111111991191919119991119111199111911911111119191111111
1191111191119191111199199919111111191111991119111199119919991191919199111111919991111111111991111111
1911111911111119111911919111911119911119911111911911191111911191111919911111191999911119119119111111
1199999111111119111199119911199191111191911111199991111111191911111119191111991191191999191111911111
1119191111111191111111991111111911111191911111119191111111919111111191119119111111191919991119199919
1199119111111119111999119111911919111119911111191119111111111991111911119991111111119111919191119991
1911111911111991111119119919111991111191199111911111911111119111119111111199911111191119111911111191
9999111191911119919191191991919999191911119199111111191111919111191111111991111111911111111191111119
1991111911111199199911911111199911999111111911911111911111999911911111111919911111911111111119111199
1911111191911911119119111111191991191111119119991111199199119991991111111911911119111111111111911991
1199119119111911119191111111111191119111991991119111119999191999119191119119111111919111111119111111
9119191119919111111999111111111199991119111911191911191191911191911911191111911111991111111991111111
1911919191191111111199999111111911199191111911111991191191191911111991999911999119919911919111111119
1191111911111111111911919111119911919911111919111119919991111191119119191199119191119111991111111111
1991111191111111119111911911191191111991111191111999111119111119191111191111111911111919119911111199
1919111911111199191119111191911111111911111911111911911119111111999111911111111191111191991911111919
1111999911111911911111911191191111111991111199119111191111911111191119911111191919111111191911119111
1111191991119111191111111911911111111919191119991111911111999111911191191111119111911111911191191111
1111111199191111119111111999191111119111911199191111191111111911991991111111111111911119111119911111
1111111911911111991111111911119111191111991919119111911191119919119191919111111919191119911111191111
1111111199999111191111119111111911191119119111911919911111991191191119191111111191119119191111911111
1111911991919111991111199911111191911111911119919999111199111119191111119911199911111991119919111111
1191999111919919999991999111111119911111191199191911919911111191911111111191911111119991119199911111
9919191111191991919119191111111111991111911199111199191911111911111111111119911111111191111119991111
9111119111111191111911119111111199191919191911111911111911111911111111111191111111111119111119111111
9911111911111991111911119911111991119191199991111191111199191191911111111999111111119191111199911111
9111199111199911119111191191991999111119911999191911111111911919111111119111911111111911111919199111
1999191111111911111911991119119991111191111191919111111111199111999111191119111111111191119111199111
1191999191199111119119111111119919111191111191911111111111991911119919991119111111119911119911111991
1991199919191911999111911111111911911119111199111111111119911111111999111111911111111191191111111191
9111119911911999199999111111919111191191111119911111111191191111111911111911191119119991911111111999
1111111191199191119111911119191111119119111119911191111911119111111191111111119191919119111111111199
1111111911911111111911911191111111111911991191191911919111199111111119111111119911991111991111111119
1111119111191111111911191119111111199111991911119991999111991111111191111111111919111119111111111199
